48239
90659
80749
35099
44641
95339
12323
30029
15937
96857
53657
59471
95467
53149
88609
38327
28181
82601
64811
24043
86767
43661
66449
22637
27917
35089
62983
34963
41507
14723
36551
77933
81551
13217
61667
52361
14251
21397
72269
56311
86629
50291
45757
46301
18133
59393
79997
82883
78901
70891
95869
58393
22247
66373
24049
12541
75437
19079
83339
24061
51047
99559
76123
98221
61603
67741
83987
40583
55201
64451
26561
86729
93089
80173
81049
27211
74203
92333
17839
40277
68207
28859
22861
31513
17789
18553
46681
34259
11617
67181
79699
41521
69191
26879
21839
13967
48029
14143
34871
92987
99401
27103
58231
40387
76379
34487
53051
24371
91459
50221
36791
90841
25373
60917
18229
93523
77069
93283
50873
84389
37361
90191
31259
71881
22367
33751
45613
58099
16651
60251
62327
70121
41117
27701
35839
16111
35257
93553
26347
72997
95177
19031
91757
47407
38609
59219
80701
42793
41983
63541
33053
48953
80263
87943
61979
11399
56039
57809
87407
17321
60659
25303
39023
95917
54779
21563
61441
80777
41183
91733
45751
56207
47969
78277
88241
53759
83911
56993
19417
87833
40829
29989
86861
14461
20297
59443
72763
40241
36343
73309
14177
64627
84737
28843
73259
74161
63841
44789
79861
47059
49193
30937
46747
97429
18701
25771
43579
19139
31687
45697
35509
66533
17443
26437
84523
63691
93179
10853
40237
22907
71429
30403
59693
92479
12269
34421
11329
34819
65609
89597
52711
93911
63179
19403
54181
95959
44059
94531
16673
44029
36683
56197
14081
37783
47569
55249
19381
89431
52511
11087
21881
30703
83719
44533
83423
28657
86183
55663
40813
63913
22349
88427
55711
23203
20219
21713
86353
26141
35401
93703
71647
44453
23537
41263
97369
47041
16073
25183
71963
86579
46511
87119
55837
12107
41047
64123
79999
86243
99241
10909
56249
49807
97919
40823
52021
98123
30557
45161
37447
82219
44041
70607
81553
14779
63647
99233
66383
84979
49369
99607
39373
99053
34469
35747
48247
89939
26209
87697
98011
50131
46133
68239
41357
31817
40699
45641
85451
96199
51439
72613
69371
76913
51343
21727
14947
97927
24151
32647
41759
69623
22391
49297
12527
13963
62143
21391
93997
70051
30109
87547
58237
90547
67939
57493
70423
86263
47807
74779
40609
32363
56731
43481
50821
86857
64663
67567
41077
52627
50957
52889
44843
39749
40879
96323
72959
36637
41539
75083
97777
40903
51283
59651
78877
62801
59149
59243
75997
16603
18541
51673
81509
78049
35803
19207
55603
80489
42083
26479
33113
68687
80149
49429
94433
48463
26249
86381
46559
87719
18617
15101
92849
91811
18353
25873
29527
16349
23813
37747
11783
33479
71537
63463
27581
98543
82013
88661
77383
87421
11083
51827
47563
49117
41957
24443
30661
47149
38749
73961
15233
14437
99173
71419
55501
24943
20443
99259
77267
42961
74959
31183
77477
81749
17389
31981
89513
14741
39409
78569
82223
53299
73529
41023
52567
17957
35521
94687
43577
62137
41467
96043
73243
87443
48947
78229
96731
49477
27779
54709
34213
92893
57697
63059
71917
91303
49801
23371
86113
25339
20021
44263
72497
42407
88729
17747
25013
76369
92311
11503
98321
29833
60793
20347
93889
44269
13469
25523
11953
83399
21419
50867
52999
25121
17923
77587
29671
32173
76541
47119
21247
49727
12641
54563
77351
89293
92173
57709
96167
10861
48341
14071
75883
43051
39397
41579
90313
98411
91393
30113
20483
57649
12037
30211
30449
49411
66037
57203
36433
29137
35159
48271
21859
13063
11813
61253
85201
55829
21143
66697
61169
97787
63703
92503
67579
16561
54331
55487
63601
30893
87701
39157
83857
71899
23003
47623
28001
74759
67481
93307
70849
55259
97379
55819
80779
33703
79561
37573
36749
99119
62687
16007
88169
58909
11821
42019
19603
71339
47911
19891
98057
22031
90353
20507
72019
88259
57839
62819
43037
88919
33721
29023
35597
61363
95911
65867
38431
59929
13099
19457
83137
89563
48649
10267
74101
56149
23743
45497
10103
38653
76207
71983
84559
97003
26591
16231
34589
99527
84751
37549
91631
68443
40087
74827
10567
25633
75557
31223
60209
23753
75869
90917
11261
57899
79151
51749
58991
87811
56113
40529
89209
61463
93491
80207
38783
93971
75797
53629
66541
23339
11987
45953
75541
77081
39581
66377
71287
17921
62981
56957
49943
84317
64301
71293
14713
61231
79843
42257
54277
87911
18097
40351
21487
53549
37501
16481
23767
32633
12899
79111
93629
50741
16319
92203
15823
49499
24859
19447
41941
39863
34651
82609
56611
32059
37813
18121
48859
54647
58661
46633
32713
61291
47857
54751
28307
60223
15083
69833
50753
48017
49277
28447
70957
65479
59009
50651
47189
17737
50591
80111
35081
57689
92461
37811
12113
94693
69737
60611
99839
47717
76471
41809
97789
79811
24407
91807
35753
37997
77557
17191
85333
71237
71387
53681
85259
81853
83561
64081
56983
61331
28183
24469
38611
13999
10223
96013
55931
62467
15439
33613
15373
87803
33503
69779
93047
49409
99439
39343
53623
63671
10531
78301
85061
79427
89797
70663
77153
40163
97961
14983
32189
77797
92821
39779
14107
78889
70163
95527
43003
86117
48109
35023
54979
91591
95257
35951
83653
38231
19423
94477
12011
43669
56659
77263
18311
20063
13597
60271
39883
88897
86491
34457
65239
72893
57089
74093
11447
20947
63421
94079
66797
94819
84401
84121
99787
58027
94117
92143
42677
57791
27847
49999
42487
22739
91583
84407
74021
38557
21193
99721
67577
35083
74861
65129
31963
54829
76871
33487
52543
45827
88379
43403
59209
83717
65173
76213
95633
16249
21647
99881
41543
21283
56479
34897
15661
48523
53017
71333
55817
53327
28087
48733
28027
54799
11519
95471
93097
52981
96749
64709
16811
46261
35729
53279
24517
21317
17519
65837
47317
35327
86269
56401
65557
76423
85361
53267
87313
70297
49547
10271
50497
43613
41981
60719
95233
29311
25111
41203
53717
82241
57587
83471
82903
52259
44543
37967
76243
64781
32237
95083
65011
90731
38183
39119
47533
23327
97883
23873
73727
91127
25309
42323
97001
34537
47459
29173
71741
59971
62683
14831
24659
40897
20849
60169
56509
13163
81773
73417
99347
36383
58897
95203
39439
28571
87481
21577
22993
62903
33529
93059
83459
15973
81689
28277
22013
98731
48221
23017
80929
84061
46351
49261
34147
48847
20899
97501
59467
66179
41411
63487
54293
20441
36947
45139
25969
86441
26633
98453
90847
92401
35671
87887
63113
88117
42839
48787
67391
29077
55457
57173
26417
34261
86477
49333
89591
90677
10781
37003
58907
12553
90631
94033
49157
37853
45289
62617
81727
62099
56269
94321
96911
73037
54371
68227
11497
66301
83417
38153
57667
56453
46337
75527
19739
90067
47581
41647
12097
92233
45503
38303
43223
57859
11273
74713
35969
42557
56299
20161
14479
12893
10289
27883
82217
17471
78623
58369
26573
37567
70783
81023
55807
49033
23773
44089
33581
30593
88411
35933
24697
51907
11383
11927
46411
47417
66083
30931
33587
56437
99223
10177
99257
64433
12119
81671
40819
81181
46273
83207
69929
45293
28513
53861
32213
43457
46957
14419
32297
79757
41443
99277
87869
93563
33577
89809
25847
35993
23993
94261
26683
98911
62081
41227
58631
62191
25819
84143
52223
10733
61723
60383
38821
91463
10667
68023
99793
15731
50587
52957
15761
50359
57901
62207
46153
95789
98669
95231
78241
46451
31387
97553
82759
27259
46663
60037
65071
21017
24229
53173
80683
42533
50767
53479
33347
15889
37223
18911
20249
39799
17417
27941
71329
49463
85427
38333
22727
66883
72649
28549
89521
93053
51109
42293
67801
78121
81353
39511
34217
53359
77951
13997
97583
72077
63247
99149
12073
82349
66949
14627
71867
90053
93851
20903
64171
46703
10303
48049
56597
38201
83621
69427
91711
74897
52163
24967
77743
89317
13367
51361
53951
12697
44281
28871
24281
73133
37781
74531
52817
69383
11159
73999
74297
71593
81281
99577
76607
35879
76343
36607
57073
65521
47699
43787
44159
54443
61909
74411
47339
20681
33941
76283
92189
44939
38299
22433
31891
77723
55949
68743
30493
11471
26261
58451
26951
14957
39371
17509
70921
68281
33049
12241
30649
66643
85103
91079
31601
79633
43019
63331
65287
51263
81401
57077
69691
79579
43291
85243
81439
77719
10181
14747
55903
26267
30803
74843
75611
49741
66617
13267
70877
31013
59951
53047
41621
52859
17569
91183
58543
89113
30491
93607
39901
95429
35869
69193
91159
35221
98897
71693
55073
54319
31247
24197
58727
72733
52153
86533
27011
58787
88819
91771
24337
39241
60901
64333
72533
75217
58043
74317
93001
70537
99809
33637
92353
32531
40949
80141
82193
34763
79979
24481
24181
46919
85549
57881
29947
31189
79139
55057
16061
23473
62347
46171
68749
30467
64919
53791
10837
86501
26153
13093
54959
87557
63377
37039
70687
20857
47711
79433
41131
92219
53897
69431
63719
13171
36847
27653
24623
81071
60509
87743
43889
46447
77573
38261
59053
95873
81569
40177
84977
68543
79987
89203
25169
44563
30727
56431
15349
14347
64231
32609
69941
78721
87583
79153
45427
80447
41143
82009
60623
65617
28387
51487
39239
12841
86539
62303
89819
42683
96181
52103
87587
83791
31991
57601
57329
70627
80621
96907
59863
25759
48661
94993
64279
30203
41233
46349
10973
64153
91433
41381
38569
34939
62213
46589
25097
50273
55793
53239
34301
28661
75017
51461
89989
33757
67141
60607
73043
90187
17239
63697
13127
97579
21179
25561
10771
78787
61627
21341
92357
32569
64601
14327
41603
70321
71167
75037
29569
45197
56773
33521
94961
42227
84191
36529
82889
55351
82031
48313
28069
62539
72167
37087
67073
61991
21977
99251
55997
58889
18913
76679
21991
35899
43633
86291
11833
61381
45337
90127
70393
20611
99767
18287
40099
56891
72353
14821
73883
11489
98443
13399
93601
73277
42491
15787
53653
47137
99469
99713
37321
55763
16267
67651
26251
23417
46523
29587
37861
26731
52631
74507
72109
84503
75931
80473
59797
76031
45589
71719
32779
67307
47543
62723
13799
97151
52883
56081
75041
35527
16921
72727
17597
20743
34253
98533
65551
54493
88129
42773
46727
55667
34471
75821
97729
44579
16547
39359
44917
69827
58211
61981
34429
19483
56827
19273
31219
79399
25919
76079
39829
11113
32533
17539
95549
96293
23021
47251
15259
81239
38287
22441
26833
33151
45893
42643
95369
38693
75253
23321
38461
21961
50909
22079
98257
87991
70327
86311
54601
23819
65269
35419
34361
56467
58151
35281
43781
71471
91291
99623
87299
20201
87433
32441
30671
32491
74903
86993
70229
12739
35363
28643
14249
90019
58057
47303
42409
31019
32051
37643
38651
36919
26431
54059
18043
49019
93983
14731
19319
67139
70619
58061
14083
90289
72871
71569
75989
92699
86561
67271
32993
41911
42937
89051
51241
89821
82963
21523
75653
57223
65089
78487
22783
21019
48497
74293
48353
56099
58901
18341
97459
13487
32183
29167
51229
46499
41953
10273
81931
95891
86587
77243
11149
22699
21799
79187
50777
82003
31663
76543
32233
62323
75239
33199
14563
94597
56171
98573
55021
66089
83497
15737
30859
27689
51899
13697
45179
51647
87959
62791
87751
41011
97607
53569
48397
41959
16741
32507
94811
53281
44587
12347
18587
42737
98639
75629
83983
58687
73561
38567
27271
86453
59921
67807
33029
65657
16823
97453
67289
40751
36787
63803
16843
14149
86143
90379
11243
11213
91097
37199
28579
29153
32413
17827
69767
67757
21491
43607
17093
81409
84869
15077
49363
76487
70621
54949
53117
86677
72551
22063
45281
94151
30529
31511
93683
96281
48781
70009
24977
42307
50773
38273
93487
24877
31543
70271
74047
29251
30161
91691
72287
83777
28517
10151
59063
58967
90499
33829
17987
42509
36697
20773
80233
41651
83833
97511
44839
46021
52387
73637
16607
66601
51539
95561
57367
82231
94837
85469
22787
23831
15173
52289
29863
16787
39671
97577
19259
67157
66877
16703
44119
61519
50833
80537
35617
73477
11311
44647
83219
37243
40151
28057
62773
82339
47947
65449
64399
92567
47963
74747
45523
69677
84463
71359
72169
31147
27893
77513
85303
25793
73897
43067
13537
48889
63397
40847
69221
85381
30389
68279
54151
25471
21737
71887
51131
31547
62761
88523
12049
83227
40499
85517
72043
87629
95773
22051
83221
61751
31327
65957
18217
76667
44257
96331
27551
72089
77489
27799
20011
85091
99829
13877
24223
52553
93263
80513
12163
32611
16417
17749
91033
83389
46237
10529
14431
36293
77563
26891
18457
34843
30911
76631
68729
74887
14243
16057
73849
48539
22937
19661
48197
75013
42863
91997
68087
80917
61153
72503
19013
56857
94529
72229
13037
10321
41413
69697
37379
99431
22271
20599
83231
30809
51593
84221
96157
50627
22483
81349
63197
74449
73679
85087
56671
64969
30469
38321
95479
29437
18749
85751
61673
91943
12161
47093
47981
18089
41771
46769
82361
76421
65537
34759
14551
51287
74231
11351
47143
87517
76303
11801
11677
71987
31541
85601
13441
82699
64063
92377
74941
28627
26113
51043
78479
99581
78893
55313
31517
75703
54133
43499
24767
86249
95089
25423
62549
80809
58579
59029
62273
73597
80239
92831
96419
71563
19759
53831
48541
34667
10831
92863
23761
27631
38351
81967
67169
27527
31337
86161
93287
86287
96469
26959
13619
30091
77731
97613
67559
71261
97609
91873
82037
89273
63439
80167
36857
86369
44651
30313
95717
69499
25367
33713
27431
94841
12539
35051
17291
80671
76519
44129
30853
59221
91577
97771
54377
96553
20479
42667
66749
46811
45817
34183
16729
87767
77017
26189
28961
40849
53899
13309
19543
50411
38197
29401
70753
46229
15907
11657
11173
84499
48491
22279
33181
63589
10061
91331
50459
51941
54121
47017
28927
48299
48883
40591
92119
88237
30643
77471
98459
95857
26813
85991
31957
96953
65927
27143
19211
15641
51133
35461
36209
79043
84871
75323
66431
49663
67003
26849
99017
98561
99409
12479
72467
57163
91153
54547
85247
86711
54673
63367
51481
44819
61283
74719
45673
28309
90247
94547
80251
93427
11467
12377
38329
27067
88211
35491
31397
51913
50513
51061
47389
45389
43951
35603
88643
61967
58943
20521
19841
81901
78031
83969
77359
30181
66221
52453
95723
99367
22901
84377
77681
56663
70487
19699
53309
28697
56843
60289
17911
21169
94889
37663
68507
51347
49069
66569
90011
62473
59999
90481
29959
48121
51767
81839
40253
43801
57637
28463
11789
72707
71789
20143
67967
12211
71233
68917
51427
87671
87359
37171
36691
93319
67511
74377
91837
72889
48371
58313
63659
83591
95393
17293
48799
24509
18061
90749
45677
89567
43117
15329
27127
63499
73907
30427
81611
79691
16691
32839
70583
42451
90197
51613
44771
52733
86323
95651
23333
11959
62987
65651
26777
43399
56783
55147
71399
29741
90407
49307
21023
70507
36781
36097
93557
18149
73771
65203
68903
78437
23539
14197
63949
36137
81343
39191
11287
61379
96851
94933
22369
27673
59119
59341
48991
92801
14423
45779
32359
26647
61813
16759
31907
12703
17599
64937
67547
96517
58511
71411
32503
76873
25411
41549
44501
17467
91141
99391
24671
43793
12379
17393
22877
60091
53093
46687
36013
78157
89269
72223
49537
95581
32371
15583
49667
68567
29803
65587
86467
66457
28099
80329
58601
96797
37993
16963
27743
84713
49253
58733
72623
51769
88969
82567
19793
37463
30047
32159
35797
94999
50129
39341
77699
50051
21613
37409
83311
61339
42641
97859
93383
10433
52639
44987
90007
16339
59159
86719
32887
70997
69313
24413
85223
36653
34739
31723
45083
82279
93887
24979
92467
90641
56503
53617
33601
71081
67021
78887
30431
46199
44927
61051
86371
65267
85619
61657
54011
13421
49871
33037
46399
85571
91009
75617
63533
40787
27967
98419
11093
64877
51787
73471
52313
50227
14633
24691
57641
52177
36493
51031
89759
15859
31667
51521
68963
25799
12721
56713
25189
95317
59021
90359
15991
80789
88069
19441
18131
46901
28097
87121
36643
56737
68777
70991
49993
48437
50849
38447
51383
85229
45823
63199
22073
25163
17681
15461
78497
40693
79841
70589
77687
16189
47501
30271
73783
71129
38677
78139
17387
40427
39791
43201
45061
77773
29633
97103
44071
80273
35569
46757
90527
11593
41863
41243
40129
40771
28499
44131
22697
77369
16433
99349
62627
71809
74167
43759
38803
88937
80177
59453
94307
21313
31873
43649
33647
21757
17989
94847
52579
39841
33461
13337
70201
36793
57193
78577
74177
48187
63337
67607
69149
96179
27457
84011
53927
55411
19801
18521
40853
90263
59567
70379
54877
36497
46271
37489
43961
21587
28411
25693
14669
63527
95461
91387
19183
80153
12653
84629
49639
90599
17551
15643
57923
82463
34757
32191
29921
29027
12619
36923
44417
87793
56239
75553
15619
34267
60919
89137
31069
24851
87509
63361
81463
67339
61469
51001
64513
67153
59707
97073
24251
26557
27611
22621
63281
11701
61837
95063
79537
82139
79697
42751
24179
85109
87037
88007
47419
74923
67631
88321
20407
96671
58537
66959
55051
46489
68473
95881
33311
74017
53849
25763
77261
95027
44357
10499
47129
41737
68111
93241
22963
81517
54449
95087
63313
47903
71353
45599
82189
96661
79301
42139
69557
16183
55381
25321
77491
65381
42473
59629
95279
23029
61057
72101
47713
80279
24239
39521
70949
10099
41669
54541
10631
96053
41813
21067
32653
41519
12071
13711
35531
89083
76907
65323
81559
75641
75209
88789
47777
60887
98467
37061
43597
21601
99679
32063
10691
97213
42061
37057
73363
59441
77093
97813
15289
70571
11807
87133
80681
10597
29129
41687
10007
84809
30103
20029
35831
82483
41333
77611
32309
59561
18461
54581
20533
59387
35279
19237
72431
11731
34631
41597
93199
38603
43177
31271
63493
81157
64151
68099
15913
73721
19477
57373
37717
32797
80209
52963
44623
18119
15791
74573
23227
64217
77641
72859
91369
10559
34919
10357
90647
35731
35317
81769
65519
23629
67933
84691
45541
77867
78653
42073
89123
69337
40289
31847
42689
96823
43049
86171
52057
67777
69847
58189
28631
38167
75289
50387
31231
54409
29131
29017
24551
66629
12791
86959
79231
44179
65717
60521
41897
26501
24499
50539
76991
67411
67957
97673
73331
28687
12809
46183
48611
66293
20357
15901
96737
21773
73483
43541
28711
69061
17159
12517
91411
48907
41969
49339
83089
56897
18679
58937
65327
40423
45631
35999
29761
81971
71551
67499
76781
82891
68477
94309
98389
16381
42923
25933
50581
86689
20287
23677
86969
73823
24107
76103
39679
17783
23687
69143
92951
34439
29179
19577
20071
76367
63559
77279
49057
45433
89833
37253
14771
43969
16871
25087
76753
79873
61879
81629
17029
13043
23801
90397
31357
44753
36017
17011
75377
76603
28019
46643
92959
92551
32687
36833
27241
78571
75853
37493
64189
44483
81041
22541
57143
85903
38189
12277
47287
24023
44797
90787
11423
51329
70879
80923
22639
39847
92867
71483
56209
17137
97231
25667
11909
62939
85453
81359
47843
13417
95219
10859
13313
27109
95701
62929
25939
82471
10429
87083
78347
62633
67867
61471
89413
93809
33809
49481
97499
40459
33403
58367
36473
19213
25469
24631
61223
82351
35141
88873
25997
80669
43867
77237
26041
90203
10133
32969
76099
45263
37699
36887
12979
47599
79031
85597
21269
68389
47743
74219
74891
20231
91237
42727
50789
95923
86843
67453
56569
34703
24841
68329
32423
23827
16363
66343
17579
43313
23563
24709
16829
19913
25577
26927
15607
49169
10069
10487
89057
41593
83869
21841
12043
29837
84247
18199
81131
25237
21529
89387
16943
66361
80387
26713
57427
31063
18401
26681
60589
30869
98927
67231
66593
20023
82613
88423
55849
53987
68791
33331
59671
83563
55799
72931
64283
61933
17099
17483
55219
48679
22669
15031
97549
21821
98663
48589
56237
63629
10399
28123
88079
81203
11827
60889
18427
53161
25031
45853
88223
54559
75683
67751
25999
65983
27283
52807
98809
49037
81293
83933
14503
30971
58073
10093
81031
89627
73369
93169
55897
99289
67699
35449
82307
86599
50461
43133
16927
54577
54139
98009
71941
12413
66509
24203
96329
93893
85621
26297
66109
99013
38699
13789
63241
89657
91453
85297
92791
51607
26183
30137
85889
24763
28031
36161
83203
49433
32911
19069
62423
63727
93827
29243
87187
48157
74197
17041
61031
49417
29191
15121
88289
39983
31883
15319
94063
67211
27901
43721
14891
17581
70549
21031
74077
33911
86011
74857
83023
28789
91841
59281
70841
81457
23071
73951
47353
62591
41893
12919
69821
15013
27191
65921
58049
76289
34807
12157
52183
16831
76717
40627
93419
59399
16931
39971
99907
39979
86783
67601
28621
84047
34327
38501
26237
69029
34031
33773
34061
96757
75353
57331
31607
44959
71059
43517
32069
53819
87559
54163
89671
35591
11069
85037
30011
74717
10513
55621
42433
16903
39161
31643
90199
19507
29231
62003
10037
13183
55673
70123
75329
10091
65179
24391
12487
20707
32983
85909
31729
39301
54721
20981
81013
32203
69119
60493
56909
47309
21319
26399
33931
28547
11981
66923
10891
52919
21611
16421
74383
75347
98143
59107
20809
10799
53411
52967
21101
15887
55207
73141
35291
36901
57271
42709
65437
27239
25717
77801
27437
83299
49559
31081
62383
88339
96827
45659
44741
31039
73181
16187
57107
37547
25391
26111
61297
65707
48473
51977
64403
23929
19597
85643
82913
89003
84131
29423
26987
71633
32321
54787
56591
82799
66809
71933
41479
86573
99817
96601
60937
56999
57529
49789
15427
93871
90821
87679
17047
61511
98519
54497
38671
86351
30517
30253
12569
75619
88811
36599
51473
82007
19763
39451
18367
58193
76771
15473
71023
54941
46091
38113
79829
38891
67493
42787
29723
87251
31727
26627
35393
59663
71039
49331
45557
25219
39293
20341
43753
24533
46567
59239
80747
42013
41491
79103
98327
75521
31699
90931
68897
22027
37397
85639
18077
24907
40697
76253
23431
87973
51197
53231
46309
42397
23869
75133
16427
51869
63097
88513
56873
16631
74353
66463
62053
23057
62563
86923
74729
50147
21617
73583
90073
77761
82207
52541
82781
93637
52237
53453
40973
52721
22709
36269
77899
42821
98251
62927
90529
93323
52709
31849
59779
43441
93133
70979
66931
39229
53171
59723
50033
25673
54851
84229
61583
81421
23593
75227
68113
36713
80989
47279
31277
59357
51637
78307
38993
13033
46051
19963
61717
82763
74933
42337
41729
27739
50069
64693
15161
58711
71263
69911
52571
55109
19843
41611
29663
61637
96703
89891
19979
18539
72923
92681
98711
18041
65579
85331
97711
98953
68209
54881
26449
89329
48673
42953
37273
95213
28051
61261
29389
37517
79193
68491
40961
88463
82651
70061
11117
82469
62897
26903
74027
34877
26407
84697
48407
77417
95131
39719
90089
35059
75167
67129
58243
61543
18493
56167
50599
45553
20509
42349
99877
14173
69463
38933
79549
99719
33413
14813
66947
73063
97259
94331
49823
67079
25579
56131
23041
56989
43151
49391
21787
97081
66107
67523
55373
92717
78583
24317
39047
38729
70451
31859
41039
78193
59621
81373
75967
21481
90001
22039
46103
27691
73361
24097
30539
45959
51341
29383
19181
35201
99971
64223
22303
42437
28279
24373
65831
27277
85021
26497
23509
32693
42331
61507
95987
31153
84199
90217
95311
60041
13829
18731
20327
79273
62861
80369
49279
82507
98317
41627
46933
82171
34127
60811
13577
33343
64067
31751
34693
74731
70793
71837
34519
66977
28211
15671
31139
94747
51199
70853
95413
19867
83903
44887
88997
94169
31091
86531
25841
32717
13297
62639
80363
14879
84313
60703
31253
70141
29819
48091
79559
16333
93253
39563
34913
58153
79411
20353
45121
34057
29683
32027
33769
81043
20129
64037
13463
56489
99709
22453
65951
39769
84659
18671
70351
30631
24683
29327
52147
81563
72823
45841
58271
26723
52837
57571
60637
78649
65851
15511
23719
80831
84913
70289
36809
74489
86197
15817
23561
11411
21323
12203
86077
16447
57287
14449
37049
82067
55243
14951
78853
70729
62189
56377
12343
85313
27449
77969
70241
83773
52727
79627
91753
69263
59447
64849
58789
95783
49787
27827
69763
12281
35533
18269
99571
74929
39929
36871
96263
29453
19087
56767
96527
27197
73819
14699
87403
60013
61553
44279
32719
99733
96223
13513
87337
89153
21107
22751
78163
26003
96487
14629
97187
63277
76159
16069
51719
51929
23977
79147
98849
82571
77551
91867
20323
94651
92657
63781
53353
92153
10163
14533
85853
32099
42457
20431
45053
30187
83641
18439
74099
14207
13591
20477
34171
67213
10937
58771
75983
83383
18013
83737
51449
87427
48073
63577
28603
17683
10111
15647
81173
71699
59513
36251
52879
93761
68371
49627
26717
14153
72901
94121
74873
23627
12659
13109
15667
42859
10427
55813
92941
78137
92639
23663
53381
39233
58427
27793
17053
11003
97973
50503
88001
86951
81299
39733
25601
30139
34511
28817
58217
10601
95483
22481
35251
28751
54469
63473
24847
33893
58573
92297
82559
98717
11393
84437
90511
11597
20731
13613
85363
79613
81919
44699
47869
52321
11119
29347
60763
67931
98689
93763
56473
32303
55933
60457
18637
84017
12613
83093
38281
10463
59747
34591
95003
50891
39953
34847
23899
26083
33203
82793
27817
30293
38737
96769
76819
62057
28759
82021
91513
77003
96211
94709
67733
35897
59581
38873
13681
31333
44537
78929
33857
38453
56779
53881
33493
64879
18443
62017
70019
81677
72271
64793
12829
35107
81701
82619
20807
90149
56923
50683
57787
59167
99859
10687
42899
42197
57593
77041
71443
25037
26669
74363
35801
15733
54323
37313
47513
63419
26921
65029
21211
23063
89443
94349
25357
47237
39703
62969
39667
74699
18223
17627
14341
20261
13001
94649
77171
67783
10009
76091
28163
21559
60353
83273
22811
78041
61781
86201
67343
47111
30089
14657
45007
10331
58321
42589
18793
84449
61409
42043
99089
46049
49177
27337
82499
82129
72949
94057
40933
64951
93257
18959
49739
89189
80567
79451
86179
74609
85193
20177
46181
65419
85133
65789
10627
68399
96017
29669
23311
72421
40739
53129
25603
25583
37691
16229
74471
60149
71347
63853
97327
81737
37529
65881
93329
70313
65899
52697
33329
38971
17491
20047
89261
51973
27479
36671
59011
24247
39041
65357
95143
69317
41177
39199
75937
58603
66851
89963
79601
61631
33863
18517
72673
20719
28351
10709
58169
26161
89681
18289
89071
50207
58979
53437
87721
55987
71993
51659
99397
12301
86027
96377
44617
82939
44267
57527
92641
75679
67829
18301
67409
51479
60101
25951
34123
12547
75511
80287
44507
54583
13693
69163
57853
88327
45481
88019
45971
87511
72701
69491
21851
22003
55333
98179
85793
89867
38713
65701
31973
98101
21937
25541
97441
50101
16477
29879
75337
63067
66733
41659
29629
36341
46507
94427
36571
89899
47809
41189
27943
64609
35339
18191
51503
36779
45949
18719
23609
81637
75991
24071
81647
50263
19469
55441
64763
75583
55541
48823
45439
32603
53959
19073
26981
25343
85411
88861
69493
50377
34747
91193
89017
72383
68489
33797
69467
36037
43283
38959
59729
24439
70639
59557
69653
44351
51407
60029
57653
75979
73589
96137
53773
85711
98929
78713
43609
42071
73613
80833
45667
50989
33013
66103
41341
62921
69019
15601
70867
82721
64633
11197
96479
57991
75223
40009
52363
61403
34033
62171
38917
60413
47737
39619
84179
77101
65761
74311
82141
19681
83597
17183
85831
54401
82487
15923
22679
88651
25639
93493
59473
21599
19141
99523
14321
18947
11867
60899
76883
56807
58111
44383
92899
41299
23059
64187
97241
91367
51691
69877
21277
98837
81199
74279
35809
75941
51683
89839
74413
83639
37991
34849
92459
19861
46993
23131
22129
71317
53887
45181
68041
16879
32479
42283
27179
10333
78781
16693
52561
59123
83557
68437
42571
73973
29303
70183
72689
30071
12101
52067
79357
34039
13687
67433
19249
15881
67531
77509
58453
68669
92723
94327
52069
90803
11923
39857
57241
35573
23269
15193
44711
88469
21013
84509
40597
15313
36541
80783
40927
32563
81197
31151
23447
50261
16087
12713
46219
12781
37957
17377
29531
68813
63907
78367
16193
40543
58963
67061
27091
13633
45863
73553
69403
15919
14717
97021
60617
32089
44381
71453
94109
91529
57793
51581
52769
54499
76493
25439
27529
44389
17359
81619
87103
77549
19219
37951
95803
51971
53731
89653
51949
98429
87011
65413
16889
11969
20641
92041
16633
94777
60727
85009
49459
46073
26693
60689
88793
93967
55901
28837
59611
39317
96587
31481
52291
84761
62071
27773
83617
54101
31649
72973
79823
54013
87553
78203
93787
18743
52379
55547
30983
92921
85121
49201
14407
79229
77419
97547
48871
82811
83663
38317
49597
98627
23117
63317
61927
41141
69011
77713
56701
49783
81847
22273
34303
66571
26513
63599
53699
49921
71707
89041
90617
17659
81163
33767
72367
85147
95813
37571
90977
29473
92251
67489
62851
49081
91621
34673
44491
64783
15739
97463
73237
22721
82457
67121
51631
16519
30881
84223
89659
30707
48989
11279
20149
53323
72161
41389
44189
84521
14767
95989
34283
77167
78539
91673
44687
17929
72461
31799
50671
37423
86693
30817
46601
69829
37831
26729
16091
42023
29287
17207
91249
82757
79159
59887
88813
12007
91081
95009
47293
50311
44683
86069
41851
37357
64157
52973
98207
51797
17077
92557
13499
25609
51217
86083
30949
98269
72937
42979
34319
71389
23531
76733
72091
59833
90619
11317
41017
10639
39089
80071
46829
20123
50423
73291
63689
43891
13003
93529
99133
49697
44123
71413
71171
66173
30977
24169
64109
39107
21649
60127
84551
83341
77783
88681
44867
63667
14621
62459
49633
98347
21929
45989
17431
32831
46807
92753
56359
82163
99317
56519
12983
87683
88093
28229
84653
72547
26119
78797
64927
43711
35149
58657
55229
46591
33457
84919
74623
64007
95603
97301
67369
61651
49451
62141
18211
93937
30689
66683
36709
68531
60337
89767
55921
68927
30763
30839
36241
27281
86137
29123
56333
70177
28649
28393
39133
13907
86399
30713
21347
92177
60497
57727
20897
79907
53597
79631
35507
12973
32833
19231
47123
42701
86131
46853
33923
25349
45131
42853
29573
63587
32117
23789
98507
72337
57041
35537
98407
89753
31391
23173
25657
90793
96443
75431
36527
41161
58567
80629
39569
52051
92083
61417
51893
58031
28219
69959
20639
33889
98867
14561
78691
89527
66499
11027
36761
73459
94789
36319
50111
85607
22921
67789
89371
71711
15809
80191
29873
47051
61091
38867
20369
21521
65099
31567
96697
87473
74149
41719
59069
99041
13229
75277
70481
72481
89917
61211
59233
31741
47939
59183
52081
43063
43093
56531
48079
82373
18503
63793
82493
65257
25153
68071
84127
22171
79669
41761
83003
66337
32537
27017
96079
85049
26357
57773
20333
98947
87641
67421
30013
68501
47629
62533
30241
99377
12689
36373
33569
37201
74143
33967
11699
28201
28979
63997
20051
91121
17761
10903
65731
99961
13831
20759
96787
54251
99191
98377
59539
67619
32251
49991
43271
60737
52391
50153
38767
29147
74869
40231
72883
44963
29581
51679
65027
65687
47741
19309
20627
50551
26321
51517
21863
37097
32257
47657
76249
40639
60779
42281
47381
83689
15391
37657
47681
36629
88547
74687
87961
30307
76507
39839
84793
13049
62233
56417
76157
65993
48821
40709
22229
22501
59351
69857
67273
84059
41453
95747
97687
87523
88493
89213
68521
53593
13187
21011
38851
81307
27107
29059
98297
54713
28669
42697
67891
12497
27253
65407
41513
24419
45127
95239
52009
64997
79813
22397
23251
96847
76961
31393
12821
73303
56041
42703
19541
49223
64817
57269
72221
69481
91573
32381
79769
44971
99371
47881
44633
73523
14303
26317
91139
43573
35111
47497
74357
67219
68447
16487
27953
52813
47491
50417
23357
24953
36073
17107
37339
96001
16619
39103
72577
77929
69401
73079
98597
64613
45329
56101
99991
82267
93739
93941
94439
36457
13729
61493
64499
96557
61949
12953
35423
90911
32843
60757
37189
29753
66161
33179
10343
23293
30347
40433
14759
15137
79589
72379
35129
81077
72647
52901
92363
13381
64747
22573
36353
79889
69259
19687
46141
78977
37561
99871
25409
89603
38449
99667
78233
38177
95929
20753
71089
90071
51193
27407
54001
67427
73013
90583
58699
93187
88471
99487
26701
63079
83243
45319
36739
13259
72907
87881
28793
94343
70099
95261
11177
88883
51551
15649
30319
69661
44087
10459
58913
23297
32083
67763
26839
32443
78059
16139
53201
24001
49171
67349
41617
89417
61757
65581
66853
34483
46619
64621
94543
60449
66359
54437
47653
84349
68171
82051
33359
93913
98993
57847
60761
68767
19433
34499
56263
57487
69931
56711
73859
59699
21493
11257
46817
56963
38039
24923
37579
59669
79087
58363
51059
56893
70157
29387
36997
88591
27409
43943
80911
21673
42929
60167
71341
71713
53377
26489
21139
86509
70457
77201
52457
92623
27367
76649
58613
28813
61141
37483
80407
58549
76847
97007
71119
49031
19289
68683
23189
17669
34721
24799
43997
23917
31307
94613
37013
42499
20921
80021
24473
95093
46877
91639
32261
67883
67987
78809
43591
58207
71209
17449
71479
86413
50893
33641
29411
30059
77863
81371
14683
13249
88607
12437
77839
39227
22307
41399
49139
54623
96493
69151
68881
62971
70667
98981
60679
98729
28867
34781
39097
41681
33223
72073
13721
41887
93581
65447
84947
25903
33851
75659
96979
11491
55103
41081
13757
64453
88397
71257
18869
81899
58441
35911
17837
92627
89449
28573
44879
10847
19993
48817
24919
75787
17419
55843
50839
12923
98473
92683
82813
17209
80341
31721
89009
12451
90281
92227
32119
16001
49123
15877
15443
60539
72103
19559
57457
75193
22567
68053
18593
10169
22859
76597
94441
33289
55589
19427
73709
17033
68771
51413
77291
37537
16883
20551
10159
19301
15451
56123
60649
57119
17123
75029
12041
21911
62129
15199
44519
92111
15299
11251
29867
40189
22691
99139
18839
58391
36913
12109
96097
22717
33191
57719
28477
74587
19997
26393
84967
55733
98873
36229
17027
58477
32429
75781
21059
33629
26459
24793
84421
84467
60427
28597
69457
74771
13523
45077
92809
32401
62597
42221
31267
35311
16987
64237
12601
51721
72869
53551
18797
95107
23957
84673
20749
83579
57943
53633
88817
38833
36007
20959
62581
75731
20269
92399
18397
87541
27983
10613
51859
11059
43973
75149
82657
95569
73847
44449
14753
98899
40531
85577
47819
88853
22123
20101
76919
98387
59627
87223
94873
23399
29917
40357
89231
99551
14489
25867
74707
43261
90863
41351
80051
64577
78541
23143
54361
24121
76697
18899
15581
23039
81703
52433
44497
56629
98893
34729
11353
24137
17707
28921
28409
94907
99563
41179
52253
16937
48193
49211
78283
16453
47441
15749
88667
48619
83233
33409
23081
25253
98737
13807
63103
55697
46147
60103
58309
73867
94379
65293
36263
73127
55661
18059
41947
21661
67247
34981
79337
27749
91939
96289
79967
49927
17903
21221
56533
30269
14543
41057
12253
88951
61333
25073
15683
13219
60661
95443
36187
90971
78803
14923
50093
50647
12583
29789
69473
15227
10067
84649
72047
31123
39709
47951
87877
33391
77999
51563
50543
26947
67049
62501
85817
73571
22619
67189
43853
73351
71849
96461
80471
95111
37963
48163
47609
28949
50923
77893
54517
69001
18803
39181
30223
19717
10987
18919
47057
26539
20717
34129
16573
83077
21377
55721
68351
95273
91781
34381
64033
77239
12421
63929
21187
70381
56093
21589
80077
39251
84859
14843
13151
48449
32341
85843
31477
74831
82421
75181
82237
24611
68059
37607
69539
58067
26177
59377
55213
95791
15971
87107
29339
75079
86029
11887
19391
84263
89237
51803
61819
10193
26227
68213
85237
85819
95629
26309
72307
50087
92593
90031
10079
87293
53639
11681
17021
18917
95071
49603
27763
29567
22259
40993
35053
20873
85081
49853
80687
93497
74159
51421
69859
31051
88177
69739
27851
71473
77527
73751
74419
73327
10867
24527
43013
48481
90469
58741
92669
84811
88771
94781
42569
99103
34273
85837
72817
89519
15377
47977
22613
50549
23599
90239
83047
36583
51839
47351
12589
23741
22291
14783
40123
16361
10457
16369
66239
65497
45259
11719
26687
63743
81799
53233
41149
93377
38561
55631
37021
75833
24809
24109
46679
40039
32077
86297
19889
36151
52249
77659
92221
40063
80491
25307
42179
99083
96457
14737
30697
72253
19081
78553
12149
57751
93229
94603
89393
48731
90473
57559
67187
21683
82183
15803
79279
94229
13327
64373
98369
28619
79181
15307
76261
11971
92413
17333
65647
92381
22973
43207
75773
44621
92857
97931
91373
42187
72469
19163
91499
18143
17729
95819
49681
67477
42391
99079
39727
26339
13913
64303
12197
43913
55291
30391
20939
69809
25913
94207
53591
85661
88867
52267
58921
89909
37897
46831
60343
11171
59981
56393
48593
56687
80963
84589
55529
79777
79901
36979
59273
42359
39367
69899
51157
72053
43963
87211
13007
21061
74131
46279
63737
97571
59419
65713
52181
62297
52121
51853
35407
67261
79621
60821
61121
35771
78007
14897
80039
76829
42379
23603
13873
27397
22189
53269
80429
79133
81869
12491
60107
34313
54679
72341
81101
79397
39937
92033
88903
16103
18181
71947
13723
87797
84137
81019
76231
39541
90173
30097
28607
90437
25679
36389
20983
55889
42403
46477
79867
39551
78167
16253
71821
89977
43783
29209
58439
32587
24091
25057
54421
90679
64271
84787
18757
80953
62011
10651
51829
12823
37307
49891
32003
94447
50383
53003
45707
39761
49877
86423
68539
15401
44249
51437
66529
41609
65423
17909
79903
25033
63649
55171
96821
39163
45119
72211
18773
89021
73609
79393
30197
79609
96233
62131
76579
22871
22447
94513
33961
29399
42461
48809
69997
19463
98621
29483
76333
41231
31771
39607
72139
81233
17497
37619
97849
98939
87253
85027
33811
45691
50969
10979
50707
44053
16033
69709
55579
76561
82073
18251
13291
52369
92269
17341
86743
32939
30773
78311
22159
92387
41999
62201
57149
56267
40093
27809
35267
26881
51203
57503
52517
25447
22277
65353
10883
13331
94951
43321
75571
74509
22067
18169
92369
32917
18379
38459
77479
67033
66763
58171
60631
79657
98041
21149
12757
24989
94559
75689
36563
77141
65171
86111
60913
73009
27541
77569
39019
73039
13339
17189
23279
95617
42797
91969
45307
86389
33211
80803
53609
15559
26053
96451
89689
41221
75011
68863
92993
67399
38723
33083
72767
78341
68713
52027
69389
79481
21751
47387
30941
16979
79333
84457
40031
61483
14969
59077
42901
73189
68639
20183
25889
81047
84319
18433
71549
11239
96667
62497
49121
24379
53407
31627
91099
13649
67843
71843
63311
78191
24749
52667
35983
83117
70459
50077
54287
34513
40037
64381
47087
36061
26171
15629
38047
57781
54869
63863
46381
63409
41849
55343
51511
34141
32141
67723
56383
14639
29009
38377
81001
45413
91309
18313
43189
87049
85439
18233
67759
70067
62351
79319
22147
69991
70309
74521
14389
74071
36191
61703
52529
54269
44777
48779
70657
31237
39877
15413
34679
45587
84991
19991
13883
83009
82591
96581
94201
78101
48023
24029
19571
61561
73643
97387
66029
12263
57047
29881
48487
99833
26801
93113
73699
32987
82153
10993
57947
55337
58109
58417
22093
83609
80909
77747
32327
22777
19267
27947
43651
45137
13477
60139
57097
84481
55639
80863
89501
89959
65393
98323
99901
11551
71147
45361
29759
79063
13009
31249
27751
40429
99643
21871
80347
38953
94621
38639
19609
79423
49549
70117
63611
17851
28723
63353
65167
58337
25747
51257
36973
30509
85213
15767
29717
70913
69379
94903
24971
53197
50159
38977
67709
75161
20117
87179
72173
89561
29101
68141
76943
40867
69239
43451
64579
44171
18049
10753
54419
18523
36469
64553
82997
55061
96059
99109
96259
48647
98299
78259
66071
50321
17959
95327
38393
48527
64567
70937
39989
94111
91423
74381
21157
42373
65563
16067
53939
65053
61547
21163
27043
23747
92957
19937
25741
10663
19709
29429
34543
74201
33377
95189
19973
86929
11897
52747
56951
64853
12227
60217
35227
83059
75503
17231
42649
35323
90833
18127
87631
18253
61487
68483
27961
56809
32299
80449
96799
86981
59051
71807
86813
75539
75793
69341
91823
31079
54091
34649
42967
34231
28439
63127
75577
71777
15271
79367
35069
63211
60961
55117
40487
54217
11161
89399
10789
42767
11131
43411
10589
16141
19777
49103
61681
73387
82981
20963
36109
45869
31181
92581
79973
27073
71909
14401
89459
64439
12457
97423
20929
42017
77191
21379
97381
13691
33071
78857
95419
59333
85513
48761
25981
76673
14323
78697
13901
70181
15497
92671
72719
15797
13159
12503
23833
77621
72953
18973
65119
65827
52951
31793
18047
22741
84089
47269
12743
96973
41843
84163
92107
40471
83063
97871
44293
19531
89381
18451
80849
23197
94573
32971
58129
87149
27427
37123
37589
16529
89087
79493
38371
12473
74441
45013
12889
57713
24547
34607
83761
27031
20399
92179
36277
51577
17257
53087
90403
17327
80317
51431
65033
60397
92861
45833
89477
67819
14887
39821
54311
68261
76963
18371
32323
38711
26597
43319
86341
68993
64319
76403
53441
70079
62039
20663
12647
29221
85781
11863
95731
51991
78179
29641
87613
78643
68899
10247
63391
56941
48413
91541
21401
23557
88721
64667
74611
81929
85733
20107
54521
82529
50287
53923
40763
57557
79687
13931
43987
66751
85447
27803
80761
81331
78979
21803
71327
76837
72277
97843
25463
91253
90059
64661
61987
77317
25117
38219
81083
24019
33599
30577
64717
19009
30259
52489
63607
29269
65123
81667
13859
45887
86869
11779
68891
88037
13147
97829
32789
97397
73651
37181
88657
22157
27823
79309
26029
81707
15331
64901
38053
65063
76163
46471
24113
51599
20173
94397
94399
17891
23567
10453
53507
19753
71363
47701
62989
94823
10369
83071
90997
23689
31769
12289
97171
56501
75407
55339
30851
49811
15493
97649
57349
17609
37309
57917
45821
85717
89783
15383
58481
31177
96931
33349
37871
44809
82531
66653
85369
52127
14827
19051
27617
97861
20887
48479
25247
34159
94009
12251
32941
84431
77347
87649
96893
49393
67679
16097
53147
17203
86927
78989
97303
40213
92927
74567
87931
19157
49613
31193
82723
45767
14557
52501
54919
93719
12409
86461
19813
46771
43717
81527
44701
95713
36559
62477
85829
14549
36899
60733
73433
71503
18979
87739
24677
87151
37507
33301
96643
91801
45247
42101
70139
62417
23669
44953
33317
39323
66713
32621
55619
32933
50047
37987
81817
33617
71011
13103
50329
57221
78017
54617
83431
33073
37369
81649
38593
77521
78427
27059
19697
41927
78509
19429
87917
40841
63131
66701
89491
77137
71761
76949
22651
94771
11443
22853
11549
34603
92347
17657
37363
95801
69439
44111
83401
78467
13933
29537
95957
86851
97561
28909
38149
49711
46457
65371
60259
46093
23549
26993
89611
24133
45943
48383
91229
89849
50177
88747
30367
82393
15527
86239
10337
69127
91493
40013
35593
62311
97127
30637
33161
64091
71971
50333
95507
16127
84211
27077
59093
46439
14653
49523
44027
90709
17299
44017
70717
80897
66919
73607
29927
87539
61559
70039
78593
18859
32707
56477
94561
14591
21227
82387
75389
36877
61861
25849
19373
21503
89533
25801
97841
16661
31121
61027
57737
33791
56633
98779
11071
17573
70999
52583
75307
17807
79349
47297
97987
71879
30323
12611
50593
17351
63901
18413
94483
20563
25643
92693
57829
76441
52673
26699
81943
13121
97117
15217
25931
19333
82261
44203
54049
28289
10243
11527
25243
91813
12959
60601
69031
39419
75533
28111
25301
59417
63149
75707
50023
24359
73061
93559
99761
36067
41387
28403
80599
63299
94099
77543
87257
18691
56009
44773
94421
23459
22543
18257
31573
47591
57467
80737
72671
31469
55681
57731
11777
79379
35759
36677
49531
67961
65147
54833
27733
61357
20771
62603
18307
22193
12799
36721
35851
98047
57413
29021
33119
34019
63029
61613
40283
85669
27299
28729
59207
14929
60647
42719
70951
42193
53077
63761
43427
16657
44201
91951
46723
51137
84053
21407
45343
26893
93463
41201
66791
90697
37159
33287
36767
62731
77377
97373
57259
98563
17317
50231
70111
77029
32783
79283
56527
15241
56813
25703
53101
99923
50951
26711
96497
73673
95531
87691
11057
14387
42089
74453
65929
65963
68821
43627
53857
83269
50021
83177
37633
85487
30677
13759
70573
81533
14051
24733
37591
36929
63809
62869
87491
26203
39461
35153
42299
60293
38791
45569
37649
80147
83437
39623
27997
56911
37907
49207
80657
12143
23011
85667
56087
77213
59497
71143
98963
32869
55009
33427
37511
53113
37879
60161
55079
16553
42443
19001
63773
76831
84347
20359
44729
60943
28319
73421
42841
72911
37693
82847
11839
61151
49669
62119
89303
91019
94727
54983
92507
77249
61001
44893
98491
54973
30133
83939
43331
23971
74653
16223
85627
83477
62743
66721
57977
67043
87181
97283
40507
82549
24821
87623
41641
48563
75721
30119
56681
18713
76259
70429
15569
95383
53401
51071
76039
40637
10729
40169
50857
98129
62701
74561
94049
33353
78919
17881
29443
16649
49009
42611
39659
40801
28109
93371
41801
50723
63347
53089
19379
37277
59141
82837
52783
79847
32771
48767
45979
54629
34351
81761
78173
17939
73939
53693
97943
94723
71069
89633
23911
17383
10723
76481
87383
19583
61843
66347
99181
66413
34403
20389
63823
30559
23671
86939
92243
32573
88261
91163
40759
92077
52691
57283
11903
70919
74257
91571
84857
59659
33547
77849
99023
24077
95287
92569
51349
11831
85199
59113
84731
26759
78839
70769
93139
72559
27737
78517
91199
32009
56179
93251
48677
84961
65141
22381
10477
86627
53189
73517
99611
49757
47207
35353
90163
93503
43159
32369
39443
70237
79039
39383
26387
62653
37139
77431
96779
46691
42181
84533
23633
65309
46327
21817
10949
22111
16567
93337
15061
11047
21191
44909
48869
78317
32143
96997
23369
27767
49367
57179
58763
32561
10657
13921
73547
25453
18481
29611
90533
21499
22153
85999
55439
32909
52609
13841
78439
98213
99137
77983
66041
11717
43789
31583
26423
22283
23201
88499
48571
13763
71437
19819
52903
86837
10739
72031
50053
72313
26953
15359
59957
12671
87221
91967
91283
67993
67901
28541
44021
96959
42577
54727
92317
44549
77269
13669
82561
96739
62507
49957
45341
21893
49939
89069
53917
56053
83407
67853
39079
84391
92009
52201
30341
49199
66491
94153
69203
22133
17489
68879
40559
60017
46441
71249
30829
34949
42209
75391
59197
55127
46649
46061
68147
22109
86209
55927
44207
14087
26641
82729
12433
34369
41879
20233
81283
40493
35863
93281
56369
82039
54503
40519
70501
42943
39499
70709
28753
15107
14869
39503
16451
14221
45491
26371
33997
96431
17401
22343
21943
65213
74761
24781
54631
74189
19919
84181
52301
87277
60527
66067
88801
14411
34961
11587
38119
46099
58997
64891
52757
71597
80819
44983
57251
38629
63073
59879
57139
96589
17971
91381
22037
86257
10313
11321
59791
36217
10301
71861
32411
66973
24329
87977
14281
64327
27583
80713
12853
23087
63857
43933
39209
40343
30871
12391
20393
76081
87317
99661
21001
16763
94541
13411
46307
59023
74209
92737
80107
29363
67927
14537
63443
46187
93239
27919
38011
52937
92237
22571
83443
31379
19421
56921
74821
62753
72227
90823
90017
57347
39217
44371
28283
81937
76537
71663
46861
15263
35117
80627
64591
74551
81097
15467
94949
67057
15277
75211
49043
36821
88807
11437
20879
60859
98773
47797
79259
73693
48179
17167
47363
21433
95153
34841
13903
13679
58147
55511
72493
38921
93407
73943
47639
78511
10391
98801
55217
34549
17981
89779
43691
34367
20411
39631
68311
23167
24571
24917
94007
48757
24421
99929
48337
15773
61687
53419
88003
16901
85691
83101
32957
90107
76129
87071
21517
75479
57389
11689
85931
65729
91297
24007
37337
76003
58693
36523
55469
35447
25537
12329
53069
19501
99689
79943
20089
16411
66523
30169
14009
60331
14029
42829
11579
37847
80221
60089
83921
36307
93151
26099
34613
69109
56747
25171
68659
65809
44221
15287
65629
58411
59083
23909
57037
15269
70489
58013
92647
22807
29207
91243
12911
12967
70207
23209
84067
83891
66047
49747
11299
47161
61643
93131
15551
79817
93811
98017
48119
89599
14033
90371
15187
63521
73757
39869
65633
66821
62659
27791
51419
62047
47779
77813
28151
91909
16217
36131
62299
61129
27697
41269
10501
68597
20147
36467
66467
58679
81973
32803
24083
73877
96763
77711
25457
36011
27487
90023
81119
70249
92431
95737
91957
69233
46867
97039
79201
99707
86017
89983
94253
38237
81017
40883
23027
21997
16273
75109
61007
42131
83873
45191
97879
59407
67589
55717
12373
79241
28429
19121
69497
42743
57059
45317
55823
63617
51871
29599
73379
95021
53813
36587
17117
51151
95947
17713
60923
27061
21557
35171
59509
12637
43543
93949
54667
18329
22409
88663
13627
24103
14851
75269
20789
53993
83701
75709
36479
19961
36943
99131
92489
30841
89101
84443
43391
81547
66841
59743
29983
35837
90439
91129
98869
69073
59753
48259
85093
93901
98081
47917
74597
85159
59263
19751
28537
54367
72739
64013
70843
59771
92051
72679
93077
51239
40111
26861
10259
43487
33533
55967
10211
34583
23159
89119
66863
19727
11369
42223
95707
26263
84631
65839
63799
36451
63031
82787
79531
33749
10253
12577
85847
32999
78779
85429
43777
66587
71671
10141
66739
64483
63389
87589
71191
72661
92707
22469
61729
50119
97367
68611
70969
49831
49919
73019
55633
86753
77689
76463
65677
42463
80309
74051
44851
75913
37117
24889
41903
67943
94291
31531
69761
46997
57191
82727
85531
21121
60869
56543
90901
33623
20549
31033
43991
56599
10889
15073
65111
73121
41213
39509
56003
61099
38543
40361
88337
84701
40153
68737
64019
42239
15679
91703
92003
32497
13397
11621
35963
43103
22549
46819
78941
69197
23099
97967
56821
80677
21467
12511
15091
14293
84299
98227
45403
28663
20593
89363
33247
98999
15053
37217
83357
32029
34211
31657
93701
79801
55331
51169
83843
93083
50929
77323
11743
84827
32057
80527
68947
75767
95101
91457
96269
58757
85523
23893
37799
43237
57803
88589
65539
71161
77591
22943
47659
29851
53719
36313
22817
98909
97651
47507
21767
90887
26107
66137
47791
42157
40193
75403
38239
74323
78823
17977
48973
12401
52189
67429
41113
81883
14159
13709
16981
65777
20113
49937
19387
70901
14867
74527
59359
55399
69067
55871
88741
38861
78737
48533
65543
31159
13451
94273
83257
45233
61343
55001
60077
66553
80603
63467
86357
62219
50123
85703
75169
59369
97847
90989
92419
95971
35677
38839
46889
54539
28879
98641
79939
17863
34297
37889
76147
37441
53503
44657
26863
27329
54917
58379
97169
10607
32467
74797
11941
14057
28901
76801
33023
78791
87041
56929
35381
24593
60133
51713
69257
14939
21089
32749
98807
38083
77447
84239
73091
50341
27647
87853
48409
33589
26783
89669
70373
90523
15131
25127
50971
13751
40127
99529
66191
28559
90373
45737
70823
74287
15017
60083
47527
94463
51307
76511
73453
77339
95401
65981
78079
49843
44531
68909
63709
45377
65101
98713
46639
78401
28591
98479
69593
92761
40577
23497
94849
27481
83449
33827
67217
26017
13781
53891
58199
32801
12239
96353
61961
38069
23291
53527
75401
18661
35923
29033
65599
22643
15959
59809
20747
22961
45763
28933
28493
33149
86293
40939
47933
72643
50441
39887
38747
42467
78707
10039
60257
50993
64921
15727
65699
65843
87643
96401
58403
84307
55691
67537
13567
90401
41257
49003
94219
31489
64489
68711
57973
86771
33469
33107
23887
25589
34687
55787
66271
77617
39827
22531
48131
61609
29063
77023
13241
33563
38903
55163
25261
25621
85933
67979
51817
19949
54193
39113
20693
57131
90703
59617
75743
90947
26821
31321
62483
44273
48751
25147
81953
76651
60317
47147
54167
96221
28807
53777
14447
92789
97159
76777
28349
66169
16301
14593
16493
34501
88993
50527
67103
64679
38669
72251
64871
23581
55609
13457
20543
96989
46549
68819
77047
68581
36083
22769
35437
53783
15149
84719
75367
68449
26021
73681
39139
10139
30757
35027
38707
11933
80557
89227
71999
28433
71153
23857
17791
18787
33679
83813
54907
15139
95441
21569
10711
77647
17623
46027
28081
89897
54413
14797
76001
91151
13177
54037
47221
90227
31319
21701
11483
62873
46573
92779
54403
34883
33871
44101
95191
94793
25229
25733
38923
29333
70001
41281
42989
66943
71527
90121
49109
10939
57383
99989
18583
70003
96337
21383
94583
82301
36299
54773
91921
41777
32377
19471
78607
98887
93479
76757
33937
92767
66403
30553
33619
13553
12941
60773
53611
22091
48857
16063
52861
21739
95267
80231
61871
45533
72617
54767
40483
77977
47837
23623
87013
66889
33739
96149
23053
61043
65003
27361
30781
67447
65183
47521
48311
26293
88301
12763
16993
97157
12907
19927
88843
99497
80651
19037
68219
68161
90271
87323
36107
11939
10957
80611
90907
76387
28771
83537
29297
97523
60373
29201
47431
89923
39313
15361
48281
23879
29501
88799
87281
81223
63839
46751
62401
36931
70199
55049
19553
35543
19489
57397
93103
32353
16747
22511
19853
65719
97177
92383
17477
34157
23981
26737
43397
72797
39043
54083
70439
91397
94351
68633
58831
70223
33091
95539
37019
50363
60953
27539
58229
93481
60443
80933
16699
82633
41051
62827
57301
56443
54347
28703
95597
70529
11633
48623
28297
32579
72977
91961
49529
42169
34337
93979
35977
57679
12917
14011
63977
14519
14369
79693
70981
99823
89107
69247
93923
27509
15541
95621
83267
30497
25943
13879
68699
